10 2
1 3
3 2
882391 882389
882439 882433
882451 882449
882481 882461
882517 882491
882551 882529
882577 882571
882593 882587
882617 882599
882653 882631
882697 882659
882703 882701
882727 882719
882751 882733
882779 882773
882851 882823
882877 882863
882883 882881
882913 882907
882943 882923
882961 882953
882979 882967
883049 883013
883073 883061
883093 883087
883111 883109
883121 883117
883187 883163
883213 883193
883229 883217
883237 883231
883247 883241
883273 883249
883307 883279
883331 883327
883343 883339
883391 883357
883409 883397
883423 883411
883433 883429
883471 883451
883489 883483
883537 883517
883577 883549
883613 883579
883627 883621
883661 883639
883691 883667
883699 883697
883721 883703
